num_el = [4 8 16 32 64];
error = [0.002567737343201 8.194641928163814e-004 2.259255963095032e-004...
    7.140661483842501e-005 2.050956700532768e-005];